0	8	0.5	0	0	0	0	0	0	
-6.80685e-05	7.9999	0.50002	-0.00408411	-0.00625	0.00121164	-0.163364	-0.25	0.0484657	
-0.000533598	7.99917	0.500159	-0.0156794	-0.025	0.00469439	-0.300449	-0.5	0.0908444	
-0.00174095	7.99719	0.500523	-0.0335712	-0.05625	0.0101555	-0.415223	-0.75	0.127601	
-0.00397643	7.99333	0.501203	-0.0566058	-0.1	0.017325	-0.506158	-1	0.159179	
-0.00746847	7.98698	0.502279	-0.0836567	-0.15625	0.0259545	-0.57588	-1.25	0.186001	
-0.0123798	7.9775	0.50382	-0.112968	-0.225	0.0358976	-0.596559	-1.5	0.211723	
-0.0187794	7.96427	0.505889	-0.143129	-0.30625	0.0470173	-0.609888	-1.75	0.233064	
-0.0267012	7.94667	0.508538	-0.173804	-0.4	0.0591042	-0.617127	-2	0.250414	
-0.0361637	7.92406	0.511812	-0.204711	-0.50625	0.0719681	-0.619127	-2.25	0.264143	
-0.047172	7.89583	0.515745	-0.235599	-0.625	0.0854367	-0.616417	-2.5	0.274599	
-0.0597172	7.86137	0.520363	-0.266102	-0.755547	0.099333	-0.603685	-2.72187	0.281256	
-0.0737696	7.8201	0.525683	-0.29585	-0.896692	0.113499	-0.586246	-2.92391	0.285378	
-0.0892861	7.7716	0.531716	-0.324632	-1.04372	0.12783	-0.565036	-2.95708	0.28785	
-0.106214	7.71572	0.538468	-0.352285	-1.19162	0.142273	-0.541095	-2.95895	0.289869	
-0.124494	7.65244	0.545944	-0.3787	-1.33957	0.156807	-0.515484	-2.95915	0.291523	
-0.144063	7.58176	0.55415	-0.403855	-1.48753	0.171418	-0.490709	-2.95918	0.29291	
-0.164859	7.50368	0.563087	-0.427773	-1.63549	0.186092	-0.466037	-2.95918	0.294047	
-0.18682	7.41821	0.57276	-0.450452	-1.78345	0.200818	-0.441096	-2.95918	0.29498	
-0.209883	7.32534	0.58317	-0.471856	-1.93141	0.215586	-0.41507	-2.95918	0.295741	
-0.233983	7.22507	0.594319	-0.491942	-2.07936	0.230388	-0.388385	-2.95918	0.296357	
-0.259057	7.1174	0.606209	-0.510854	-2.22732	0.245216	-0.368077	-2.95918	0.296756	
-0.285051	7.00234	0.618841	-0.528725	-2.37528	0.260061	-0.346791	-2.95918	0.297054	
-0.311912	6.87987	0.632215	-0.545517	-2.52324	0.274919	-0.32489	-2.95918	0.297262	
-0.339585	6.75001	0.646333	-0.561207	-2.67111	0.289785	-0.30269	-2.95545	0.297384	
-0.368014	6.61277	0.661194	-0.575789	-2.81854	0.304656	-0.280593	-2.94168	0.297427	
-0.39716	6.46818	0.676792	-0.590144	-2.96453	0.319138	-0.293625	-2.89794	0.281861	
-0.427037	6.31636	0.693095	-0.605034	-3.10778	0.332833	-0.301974	-2.83213	0.265957	
-0.457668	6.15747	0.710062	-0.620241	-3.2473	0.345735	-0.306283	-2.74864	0.250098	
-0.489064	5.99171	0.727655	-0.635576	-3.38226	0.357853	-0.307116	-2.64985	0.234615	
-0.521225	5.81933	0.745835	-0.650872	-3.51199	0.369212	-0.304721	-2.5393	0.219777	
-0.554135	5.64066	0.764555	-0.66519	-3.6327	0.379321	-0.267999	-2.2893	0.184579	
-0.587716	5.45627	0.783739	-0.677792	-3.74092	0.387747	-0.236082	-2.0393	0.152441	
-0.621889	5.26678	0.803305	-0.688909	-3.83663	0.394638	-0.208604	-1.7893	0.123197	
-0.656585	5.07281	0.823179	-0.698752	-3.9199	0.400135	-0.185121	-1.5414	0.0966831	
-0.691746	4.87499	0.843297	-0.707507	-3.99072	0.40437	-0.165076	-1.2914	0.0727368	
-0.72733	4.67395	0.863588	-0.715881	-4.04904	0.406928	-0.169869	-1.0414	0.0295686	
-0.763337	4.4703	0.883958	-0.724438	-4.095	0.407576	-0.172431	-0.796731	-0.00364802	
-0.799775	4.26465	0.904322	-0.733077	-4.12916	0.406754	-0.17312	-0.569695	-0.0292137	
-0.836645	4.05756	0.924615	-0.741711	-4.15253	0.404804	-0.172264	-0.365047	-0.0488035	
-0.873945	3.84956	0.944788	-0.750272	-4.16604	0.401992	-0.170157	-0.175593	-0.0636761	
-0.91167	3.64112	0.964795	-0.758688	-4.16984	0.398081	-0.166493	0.0236311	-0.0927582	
-0.94981	3.43273	0.984573	-0.766905	-4.16423	0.392819	-0.162188	0.200908	-0.117707	
-0.988356	3.22483	1.00406	-0.774896	-4.15042	0.386401	-0.157425	0.351433	-0.139038	
-1.0273	3.0178	1.0232	-0.78264	-4.12974	0.378992	-0.152359	0.47573	-0.157304	
-1.06662	2.81195	1.04194	-0.790127	-4.10347	0.370737	-0.147116	0.574982	-0.172904	
-1.10629	2.60755	1.06026	-0.796738	-4.0716	0.361719	-0.117302	0.700021	-0.187839	
-1.14627	2.40488	1.0781	-0.801982	-4.03416	0.352011	-0.092468	0.797592	-0.200453	
-1.18647	2.20421	1.09545	-0.806086	-3.99241	0.341722	-0.0716965	0.872335	-0.2111	
-1.22686	2.0057	1.11227	-0.809234	-3.94746	0.330943	-0.0542318	0.925729	-0.220082	
-1.26738	1.8095	1.12854	-0.81158	-3.90032	0.319749	-0.0396038	0.959848	-0.227652	
-1.308	1.6157	1.14423	-0.813162	-3.85086	0.307935	-0.023696	1.01833	-0.244944	
-1.34869	1.42445	1.15932	-0.81402	-3.79899	0.295345	-0.0106114	1.05652	-0.258656	
-1.3894	1.23583	1.17376	-0.814284	-3.74559	0.28215	6.83958e-05	1.07956	-0.26913	
-1.43011	1.04991	1.18752	-0.814064	-3.69133	0.268504	0.00870403	1.0908	-0.276688	
-1.4708	0.866703	1.2006	-0.813457	-3.63675	0.254547	0.0156062	1.09238	-0.281631	
-1.51143	0.686246	1.21298	-0.811653	-3.58126	0.240433	0.0565227	1.12715	-0.282917	
-1.55193	0.5086	1.22464	-0.80803	-3.52439	0.226261	0.0884101	1.14775	-0.283937	
-1.59221	0.333819	1.2356	-0.802996	-3.46675	0.212045	0.112959	1.15801	-0.284721	
-1.63221	0.16193	1.24585	-0.796871	-3.40881	0.197795	0.132045	1.15945	-0.285293	
-1.67189	-0.00706381	1.25538	-0.789895	-3.35102	0.183521	0.146983	1.15231	-0.28567	
-1.71119	-0.173168	1.2642	-0.782172	-3.29301	0.169285	0.161934	1.16787	-0.28375	
-1.75009	-0.336356	1.27231	-0.773794	-3.23447	0.155184	0.173172	1.17391	-0.280282	
-1.78856	-0.496613	1.27972	-0.764937	-3.17582	0.141293	0.181145	1.17175	-0.275356	
-1.82658	-0.653944	1.28645	-0.755751	-3.11752	0.127682	0.186276	1.16064	-0.269106	
-1.86413	-0.808377	1.2925	-0.74637	-3.05998	0.114412	0.188966	1.14069	-0.261703	
-1.90121	-0.959944	1.29789	-0.736719	-3.00259	0.10141	0.197077	1.15494	-0.258368	
-1.9378	-1.10863	1.30264	-0.726737	-2.94472	0.0886038	0.202185	1.15982	-0.25387	
-1.97388	-1.25442	1.30676	-0.716565	-2.88681	0.0760489	0.204695	1.15656	-0.248323	
-2.00946	-1.39732	1.31025	-0.706323	-2.8293	0.0637942	0.204995	1.14385	-0.241865	
-2.04452	-1.53736	1.31314	-0.696112	-2.77263	0.0518813	0.20345	1.12289	-0.234653	
-2.07906	-1.67459	1.31545	-0.685789	-2.71673	0.0403601	0.209478	1.11337	-0.226193	
-2.11309	-1.80904	1.31718	-0.675235	-2.66149	0.0292702	0.212691	1.09602	-0.217406	
-2.14659	-1.94076	1.31838	-0.66458	-2.60728	0.0186234	0.213489	1.07255	-0.208465	
-2.17955	-2.06979	1.31905	-0.653936	-2.55435	0.00842353	0.212255	1.04443	-0.19953	
-2.21198	-2.19622	1.31923	-0.643396	-2.50297	-0.00133326	0.209349	1.01078	-0.190742	
-2.24389	-2.32011	1.31893	-0.632808	-2.45246	-0.0107187	0.21419	1.00962	-0.184677	
-2.27526	-2.44147	1.31816	-0.622045	-2.40216	-0.0197996	0.216345	1.00234	-0.178556	
-2.30609	-2.56033	1.31695	-0.611231	-2.35236	-0.0285752	0.216212	0.99001	-0.172468	
-2.33638	-2.67672	1.31531	-0.600471	-2.30333	-0.0370491	0.214169	0.971115	-0.166489	
-2.36614	-2.79068	1.31325	-0.589853	-2.25541	-0.0452284	0.21057	0.945411	-0.160686	
-2.39537	-2.90227	1.31079	-0.579304	-2.20827	-0.0531341	0.211356	0.940274	-0.155542	
-2.42407	-3.01152	1.30794	-0.568767	-2.16161	-0.0607875	0.210138	0.926256	-0.150592	
-2.45225	-3.11845	1.30472	-0.558332	-2.11583	-0.0681991	0.207273	0.904827	-0.145875	
-2.47991	-3.22312	1.30113	-0.548073	-2.07129	-0.0753815	0.203089	0.876834	-0.141419	
-2.50706	-3.3256	1.29718	-0.538048	-2.02826	-0.0823481	0.197886	0.844201	-0.137244	
-2.53371	-3.42596	1.2929	-0.527603	-1.98628	-0.0891337	0.219951	0.835318	-0.13418	
-2.5598	-3.52424	1.28827	-0.516188	-1.94488	-0.0957694	0.236646	0.82044	-0.13125	
-2.58531	-3.62047	1.28332	-0.504056	-1.90435	-0.102262	0.248631	0.800921	-0.128469	
-2.6102	-3.71469	1.27805	-0.491427	-1.86487	-0.10862	0.256512	0.778343	-0.125849	
-2.63445	-3.80697	1.27246	-0.478494	-1.82661	-0.114851	0.260795	0.752061	-0.123397	
-2.65804	-3.89737	1.26656	-0.465005	-1.78918	-0.120984	0.278788	0.744898	-0.121908	
-2.68094	-3.9859	1.26036	-0.450749	-1.7522	-0.127043	0.29146	0.734494	-0.12045	
-2.70311	-4.0726	1.25386	-0.435974	-1.71579	-0.13303	0.299524	0.721744	-0.11903	
-2.72453	-4.15749	1.24706	-0.420896	-1.68016	-0.138947	0.303611	0.703605	-0.117659	
-2.7452	-4.24063	1.23997	-0.405699	-1.64559	-0.144797	0.304276	0.679265	-0.116342	
-2.76509	-4.32206	1.23258	-0.390103	-1.6118	-0.150578	0.319552	0.672294	-0.114905	
-2.7842	-4.40182	1.22491	-0.373878	-1.5785	-0.15629	0.329462	0.659613	-0.113567	
-2.80247	-4.47993	1.21696	-0.35727	-1.54599	-0.161938	0.334832	0.64076	-0.112328	
-2.81992	-4.55644	1.20872	-0.34049	-1.51455	-0.167526	0.33637	0.616831	-0.111187	
-2.83652	-4.6314	1.2002	-0.323714	-1.4844	-0.173059	0.33466	0.589113	-0.110142	
-2.85229	-4.70489	1.19142	-0.307023	-1.45503	-0.178319	0.333007	0.585804	-0.100278	
-2.86723	-4.77691	1.18238	-0.290485	-1.42594	-0.183101	0.328521	0.577573	-0.0909719	
-2.88135	-4.84749	1.17311	-0.274241	-1.39738	-0.18743	0.321228	0.564886	-0.0822139	
-2.89466	-4.91666	1.16364	-0.25842	-1.36955	-0.191335	0.311605	0.548438	-0.073993	
-2.9072	-4.98446	1.15399	-0.243128	-1.34261	-0.194843	0.300081	0.52905	-0.0662958	
-2.91898	-5.05093	1.14417	-0.22837	-1.31626	-0.197876	0.290229	0.525221	-0.055059	
-2.93004	-5.11609	1.13421	-0.21414	-1.29018	-0.200373	0.278987	0.517751	-0.0448232	
-2.94041	-5.17996	1.12414	-0.200495	-1.26456	-0.202382	0.266805	0.507072	-0.0355323	
-2.9501	-5.24256	1.11398	-0.187473	-1.23954	-0.203949	0.254075	0.493976	-0.027131	
-2.95916	-5.30392	1.10375	-0.175093	-1.2152	-0.205116	0.241131	0.479567	-0.0195649	
-2.96762	-5.36408	1.09347	-0.163312	-1.19121	-0.20585	0.230117	0.479755	-0.00976747	
-2.9755	-5.42305	1.08317	-0.152084	-1.16731	-0.206121	0.218974	0.476392	-0.00107944	
-2.98284	-5.48082	1.07287	-0.141412	-1.14365	-0.205983	0.207915	0.470115	0.00657786	
-2.98965	-5.53742	1.06258	-0.131286	-1.12036	-0.205487	0.197107	0.461422	0.0132801	
-2.99598	-5.59286	1.05232	-0.121692	-1.09756	-0.204677	0.186675	0.450699	0.0190999	
-3.00183	-5.64718	1.04212	-0.11259	-1.07506	-0.203553	0.177411	0.44925	0.0258581	
-3.00724	-5.70037	1.03197	-0.103942	-1.05271	-0.202116	0.168506	0.444601	0.0316493	
-3.01223	-5.75245	1.02191	-0.0957287	-1.03066	-0.200411	0.160018	0.437292	0.0365532	
-3.01682	-5.80344	1.01194	-0.0879287	-1.00904	-0.198481	0.151981	0.427752	0.0406453	
-3.02103	-5.85337	1.00207	-0.0805189	-0.987936	-0.196365	0.144412	0.416322	0.0439973	
-3.02488	-5.90224	0.992304	-0.0734844	-0.967179	-0.194069	0.136968	0.413949	0.0478117	
-3.02839	-5.95009	0.982661	-0.0668085	-0.946615	-0.191602	0.130067	0.408616	0.0508748	
-3.03157	-5.99691	0.973146	-0.0604661	-0.926379	-0.188999	0.123631	0.400797	0.0532574	
-3.03444	-6.04273	0.963763	-0.0544391	-0.906588	-0.186292	0.117448	0.390875	0.0550259	
-3.03702	-6.08758	0.954518	-0.0487152	-0.887337	-0.18351	0.11151	0.379163	0.0562428	
-3.03932	-6.13147	0.945414	-0.0433165	-0.868405	-0.180629	0.104436	0.378102	0.0590028	
-3.04135	-6.17442	0.936457	-0.0382582	-0.849603	-0.177627	0.0978957	0.373996	0.0610683	
-3.04315	-6.21644	0.927653	-0.0335172	-0.83107	-0.174538	0.091745	0.367318	0.0625092	
-3.04471	-6.25753	0.919004	-0.0290757	-0.812925	-0.17139	0.0859169	0.358459	0.0633913	
-3.04606	-6.29774	0.910514	-0.0249177	-0.795286	-0.168211	0.0804038	0.347129	0.0637758	
-3.04721	-6.33707	0.902183	-0.0210254	-0.777963	-0.165011	0.0752882	0.34579	0.0642107	
-3.04817	-6.37554	0.894013	-0.0173819	-0.760778	-0.161801	0.0704503	0.341586	0.0641963	
-3.04895	-6.41315	0.886003	-0.0139736	-0.743871	-0.158602	0.065882	0.334697	0.0637864	
-3.04957	-6.44993	0.878152	-0.0107872	-0.727372	-0.155431	0.0615743	0.325277	0.0630307	
-3.05003	-6.4859	0.870459	-0.00780989	-0.711395	-0.152306	0.0575175	0.313785	0.0619753	
-3.05035	-6.52107	0.862922	-0.00503862	-0.695742	-0.149159	0.0533335	0.312336	0.0639114	
-3.05054	-6.55547	0.855545	-0.00246895	-0.680238	-0.145931	0.0494534	0.307821	0.0652208	
-3.0506	-6.5891	0.84833	-8.6234e-05	-0.665025	-0.142651	0.0458552	0.30072	0.0659703	
-3.05055	-6.62198	0.84128	0.00212311	-0.650218	-0.139346	0.0425185	0.291565	0.0662222	
-3.05039	-6.65413	0.834395	0.00417168	-0.635907	-0.13604	0.0394243	0.280876	0.0660342	
-3.05014	-6.68558	0.827676	0.00605193	-0.621933	-0.13275	0.0357858	0.278084	0.0655609	
-3.04979	-6.71633	0.82112	0.00775933	-0.608157	-0.129492	0.0325103	0.272939	0.0647385	
-3.04936	-6.7464	0.814726	0.00931105	-0.594686	-0.126284	0.0295587	0.265902	0.0636137	
-3.04886	-6.7758	0.80849	0.0107224	-0.581603	-0.123137	0.0268967	0.257407	0.0622296	
-3.04829	-6.80457	0.802411	0.0120072	-0.568972	-0.120066	0.0244936	0.247852	0.0606257	
-3.04766	-6.83271	0.796483	0.0131437	-0.556618	-0.117077	0.0209678	0.246301	0.0589176	
-3.04698	-6.86023	0.790701	0.014116	-0.544394	-0.114178	0.0179214	0.242671	0.0570489	
-3.04625	-6.88715	0.785063	0.0149463	-0.532393	-0.111376	0.015291	0.23736	0.0550503	
-3.04549	-6.91348	0.779562	0.0156541	-0.52069	-0.108676	0.0130215	0.230739	0.0529498	
-3.04469	-6.93922	0.774194	0.0162562	-0.509343	-0.106083	0.011065	0.223145	0.0507724	
-3.04386	-6.96441	0.768953	0.0167525	-0.498129	-0.103537	0.00878583	0.22542	0.0510599	
-3.04302	-6.98904	0.76384	0.0171437	-0.486862	-0.100986	0.00686094	0.225277	0.0509972	
-3.04215	-7.0131	0.758854	0.0174462	-0.475652	-0.098445	0.00524047	0.22311	0.0506263	
-3.04127	-7.0366	0.753995	0.0176743	-0.464592	-0.0959296	0.00388127	0.219288	0.0499865	
-3.04038	-7.05956	0.749261	0.0178399	-0.453756	-0.0934521	0.00274599	0.214155	0.0491138	
-3.03949	-7.08198	0.744649	0.0179403	-0.44309	-0.0910219	0.001267	0.212473	0.0480935	
-3.03859	-7.10387	0.740158	0.0179734	-0.432549	-0.0886472	5.92108e-05	0.209194	0.0468974	
-3.03769	-7.12524	0.735783	0.017952	-0.422203	-0.0863359	-0.000918029	0.204645	0.0455539	
-3.0368	-7.1461	0.731523	0.0178865	-0.412109	-0.0840948	-0.00169973	0.199123	0.044089	
-3.0359	-7.16646	0.727373	0.0177861	-0.402308	-0.0819294	-0.00231603	0.192888	0.0425262	
-3.03502	-7.18633	0.723329	0.0176388	-0.392736	-0.0798165	-0.00357763	0.190017	0.0419929	
-3.03414	-7.20573	0.71939	0.0174352	-0.383334	-0.0777351	-0.00456451	0.186055	0.0412634	
-3.03328	-7.22467	0.715555	0.0171881	-0.374151	-0.0756943	-0.00532005	0.18126	0.0403658	
-3.03242	-7.24315	0.71182	0.0169081	-0.365223	-0.073702	-0.00588148	0.175857	0.0393255	
-3.03159	-7.2612	0.708184	0.016604	-0.356576	-0.0717648	-0.00628072	0.170038	0.0381662	
-3.03076	-7.27881	0.704643	0.0163041	-0.348168	-0.0698758	-0.00571432	0.166251	0.0373904	
-3.02995	-7.29602	0.701196	0.0160312	-0.339966	-0.0680292	-0.00520309	0.16185	0.0364758	
-3.02916	-7.31281	0.697839	0.0157826	-0.331994	-0.0662312	-0.00474122	0.157015	0.0354448	
-3.02838	-7.32922	0.694572	0.015556	-0.324272	-0.0644871	-0.00432358	0.151896	0.0343176	
-3.0276	-7.34525	0.69139	0.0153492	-0.316809	-0.0628014	-0.00394559	0.146618	0.0331126	
-3.02684	-7.3609	0.68829	0.0151679	-0.309506	-0.061183	-0.00330898	0.145506	0.0316196	
-3.02609	-7.3762	0.68527	0.0150161	-0.302281	-0.0596398	-0.00276338	0.143488	0.0301091	
-3.02534	-7.39113	0.682325	0.0148896	-0.295174	-0.0581723	-0.00229643	0.14077	0.0285927	
-3.0246	-7.40572	0.679452	0.0147847	-0.288217	-0.0567805	-0.00189745	0.137525	0.0270805	
-3.02386	-7.41996	0.676646	0.0146984	-0.281431	-0.0554639	-0.00155714	0.133901	0.0255812	
-3.02313	-7.43386	0.673904	0.0146084	-0.274786	-0.0542323	-0.00204256	0.131913	0.0236849	
-3.0224	-7.44744	0.671221	0.0144969	-0.268254	-0.0530934	-0.00241608	0.129344	0.0218685	
-3.02168	-7.46069	0.668593	0.0143691	-0.261862	-0.0520434	-0.00269562	0.126344	0.0201336	
-3.02096	-7.47363	0.666015	0.0142293	-0.255628	-0.051078	-0.00289658	0.123039	0.0184813	
-3.02026	-7.48626	0.663484	0.0140811	-0.249563	-0.0501932	-0.00303211	0.119532	0.016912	
-3.01956	-7.49859	0.660995	0.0139119	-0.243573	-0.0493342	-0.0037348	0.120085	0.0174461	
-3.01886	-7.51061	0.658551	0.0137118	-0.23758	-0.0484528	-0.00426825	0.119648	0.0178085	
-3.01818	-7.52234	0.65615	0.0134886	-0.231628	-0.0475572	-0.00465989	0.118431	0.0180174	
-3.01752	-7.53378	0.653795	0.0132488	-0.225752	-0.0466545	-0.00493319	0.11661	0.0180899	
-3.01686	-7.54492	0.651485	0.0129978	-0.219978	-0.0457512	-0.00510825	0.114332	0.0180418	
-3.01622	-7.55578	0.64922	0.0127512	-0.214294	-0.0448374	-0.0047551	0.113031	0.0185092	
-3.01558	-7.56635	0.647002	0.0125217	-0.208688	-0.0439046	-0.00442525	0.111197	0.0188063	
-3.01496	-7.57665	0.64483	0.0123081	-0.203186	-0.0429606	-0.00411729	0.108901	0.0189515	
-3.01435	-7.58667	0.642706	0.0121094	-0.197811	-0.0420128	-0.00382992	0.10609	0.0189622	
-3.01375	-7.59643	0.640629	0.0119246	-0.192586	-0.0410674	-0.00356187	0.102898	0.0188542	
-3.01316	-7.60593	0.638599	0.0117491	-0.187519	-0.0401174	-0.00345836	0.0998103	0.0191451	
-3.01258	-7.61519	0.636617	0.0115791	-0.182613	-0.0391567	-0.00334245	0.0964033	0.0192827	
-3.012	-7.6242	0.634683	0.0114151	-0.177885	-0.0381925	-0.0032176	0.0927504	0.0192847	
-3.01144	-7.63298	0.632798	0.0112575	-0.173342	-0.0372312	-0.00308667	0.0889327	0.019167	
-3.01088	-7.64154	0.63096	0.0111065	-0.168994	-0.0362784	-0.00295204	0.0850174	0.0189448	
-3.01033	-7.64988	0.62917	0.0109512	-0.164756	-0.0353339	-0.00326302	0.0844821	0.0188347	
-3.00978	-7.65801	0.627426	0.0107825	-0.160563	-0.0343975	-0.0034841	0.0832626	0.0186211	
-3.00925	-7.66594	0.62573	0.0106046	-0.156443	-0.0334741	-0.00363044	0.081501	0.0183178	
-3.00872	-7.67366	0.624079	0.010421	-0.152423	-0.0325677	-0.00371496	0.0793175	0.0179374	
-3.00821	-7.68118	0.622473	0.0102344	-0.14852	-0.031682	-0.00374872	0.0768131	0.0174914	
-3.0077	-7.68851	0.62091	0.0100409	-0.144711	-0.0308155	-0.00399164	0.0755344	0.017165	
-3.0072	-7.69565	0.619391	0.00983732	-0.140978	-0.0299671	-0.00415091	0.073797	0.0167714	
-3.00671	-7.70261	0.617913	0.00962752	-0.13734	-0.0291398	-0.00424105	0.0717048	0.016321	
-3.00624	-7.70939	0.616476	0.00941464	-0.133814	-0.0283362	-0.00427445	0.0693451	0.0158234	
-3.00577	-7.71599	0.615079	0.00920123	-0.130411	-0.0275584	-0.00426165	0.0667912	0.0152873	
-3.00532	-7.72243	0.61372	0.00898059	-0.127122	-0.0268081	-0.00456392	0.0647496	0.0147256	
-3.00488	-7.72871	0.612398	0.00874735	-0.123941	-0.0260865	-0.00476585	0.0624957	0.0141399	
-3.00444	-7.73483	0.611111	0.00850608	-0.120876	-0.0253946	-0.00488476	0.060091	0.0135366	
-3.00402	-7.7408	0.609858	0.00826058	-0.117934	-0.0247331	-0.00493543	0.0575869	0.0129216	
-3.00362	-7.74662	0.608637	0.00801393	-0.115119	-0.0241026	-0.00493044	0.0550256	0.0123001	
-3.00322	-7.75231	0.607447	0.00778057	-0.112371	-0.0234882	-0.00440404	0.0548808	0.0122743	
-3.00284	-7.75786	0.606288	0.00757204	-0.109643	-0.022877	-0.00393735	0.0542526	0.0121757	
-3.00247	-7.76328	0.60516	0.00738552	-0.106956	-0.0222722	-0.00352329	0.0532394	0.0120135	
-3.0021	-7.76856	0.604061	0.00721855	-0.104327	-0.021677	-0.00315565	0.0519242	0.0117963	
-3.00174	-7.77371	0.602992	0.00706893	-0.101769	-0.0210938	-0.00282897	0.0503772	0.0115321	
-3.00139	-7.77874	0.601951	0.00691665	-0.0992774	-0.020532	-0.00326208	0.0492914	0.0109394	
-3.00105	-7.78364	0.600938	0.00674555	-0.0968462	-0.0199998	-0.00358195	0.0479543	0.0103499	
-3.00072	-7.78842	0.599951	0.00656082	-0.0944867	-0.0194969	-0.00380725	0.0464265	0.00976662	
-3.0004	-7.79309	0.598988	0.00636679	-0.0922071	-0.0190229	-0.00395398	0.0447587	0.00919261	
-3.00008	-7.79764	0.598048	0.00616705	-0.0900133	-0.0185773	-0.00403582	0.0429932	0.00863025	
-2.99978	-7.80209	0.59713	0.00596454	-0.0879093	-0.0181595	-0.00406442	0.0411652	0.00808165	
-2.99949	-7.80644	0.596232	0.00576169	-0.0858976	-0.0177687	-0.00404969	0.0393036	0.00754854	
-2.9992	-7.81068	0.595352	0.00556044	-0.0839792	-0.0174042	-0.00400007	0.0374321	0.00703239	
-2.99893	-7.81484	0.594491	0.00536238	-0.0821541	-0.0170651	-0.00392269	0.0355702	0.00653435	
-2.99867	-7.8189	0.593645	0.00516872	-0.0804216	-0.0167503	-0.00382359	0.0337333	0.00605535	
-2.99841	-7.82288	0.592816	0.00498414	-0.0787108	-0.01644	-0.00355942	0.0346956	0.00635541	
-2.99817	-7.82677	0.592002	0.00481234	-0.0769647	-0.0161166	-0.00331266	0.0351506	0.00658032	
-2.99793	-7.83057	0.591204	0.00465247	-0.0752061	-0.0157837	-0.00308226	0.0351913	0.00673765	
-2.9977	-7.83429	0.590423	0.00450373	-0.0734539	-0.0154444	-0.00286724	0.0348964	0.00683451	
-2.99748	-7.83792	0.58966	0.00436538	-0.0717232	-0.0151016	-0.00266666	0.034333	0.00687752	
-2.99727	-7.84146	0.588913	0.00424686	-0.0700132	-0.0147617	-0.00207425	0.0340667	0.00671879	
-2.99706	-7.84492	0.588183	0.00415561	-0.0683232	-0.0144303	-0.00157587	0.033534	0.00653745	
-2.99685	-7.8483	0.58747	0.00408726	-0.0666651	-0.0141084	-0.00115818	0.032791	0.00633731	
-2.99665	-7.85159	0.586772	0.00403806	-0.0650482	-0.0137969	-0.000809626	0.0318848	0.00612185	
-2.99645	-7.8548	0.58609	0.00400481	-0.0634797	-0.0134965	-0.000520226	0.0308551	0.00589424	
-2.99625	-7.85794	0.585422	0.00396964	-0.0619431	-0.013211	-0.000886697	0.0306093	0.00552689	
-2.99605	-7.861	0.584769	0.0039181	-0.0604247	-0.0129436	-0.00117479	0.0301255	0.00516921	
-2.99585	-7.86398	0.584128	0.00385381	-0.0589352	-0.0126938	-0.00139681	0.0294538	0.00482225	
-2.99566	-7.86689	0.583499	0.00377981	-0.0574829	-0.0124611	-0.00156335	0.0286363	0.00448688	
-2.99548	-7.86973	0.582881	0.00369864	-0.0560743	-0.0122448	-0.00168346	0.0277085	0.0041638	
-2.99529	-7.8725	0.582274	0.00363354	-0.0546862	-0.0120429	-0.000920407	0.0278174	0.00391353	
-2.99511	-7.8752	0.581677	0.00360316	-0.0532996	-0.0118533	-0.000294787	0.0276465	0.00366893	
-2.99493	-7.87783	0.581089	0.00360114	-0.0519272	-0.0116758	0.00021387	0.0272508	0.00343084	
-2.99475	-7.88039	0.580509	0.00362207	-0.050579	-0.0115101	0.000623207	0.026677	0.00319995	
-2.99457	-7.88289	0.579938	0.00366136	-0.0492629	-0.0113556	0.000948416	0.0259646	0.00297682	
-2.99439	-7.88532	0.579374	0.00370943	-0.047952	-0.0112045	0.000974649	0.0264718	0.00306844	
-2.9942	-7.88768	0.578817	0.00375847	-0.0466243	-0.0110495	0.000986786	0.0266354	0.00313013	
-2.99401	-7.88998	0.578269	0.00380783	-0.0452955	-0.0108922	0.000987411	0.0265196	0.00316509	
-2.99382	-7.89221	0.577728	0.00385698	-0.043978	-0.0107336	0.000978721	0.026179	0.00317629	
-2.99362	-7.89438	0.577195	0.00390551	-0.042682	-0.0105751	0.00096258	0.0256598	0.0031665	
-2.99343	-7.89648	0.57667	0.00394633	-0.0414419	-0.0104169	0.000670294	0.0239443	0.00316009	
-2.99323	-7.89852	0.576154	0.00397378	-0.040285	-0.0102595	0.000427693	0.0223341	0.0031349	
-2.99303	-7.90051	0.575644	0.00399016	-0.039206	-0.0101038	0.000227529	0.0208239	0.00309331	
-2.99283	-7.90245	0.575143	0.00399744	-0.0382002	-0.00995054	6.3547e-05	0.0194088	0.00303755	
-2.99263	-7.90433	0.574649	0.00399729	-0.0372629	-0.00980036	-6.96502e-05	0.0180838	0.00296965	
-2.99243	-7.90617	0.574163	0.00398775	-0.0363502	-0.00964621	-0.000311879	0.0184217	0.00319631	
-2.99223	-7.90797	0.573685	0.00396733	-0.0354266	-0.0094819	-0.000504855	0.0185235	0.00337613	
-2.99204	-7.90971	0.573215	0.0039383	-0.0345027	-0.00930966	-0.000656204	0.0184332	0.00351359	
-2.99184	-7.91142	0.572754	0.00390259	-0.0335871	-0.0091315	-0.000772483	0.0181886	0.00361289	
-2.99165	-7.91307	0.572302	0.00386179	-0.0326869	-0.00894923	-0.000859319	0.0178214	0.00367798	
-2.99145	-7.91469	0.571859	0.00381046	-0.0318225	-0.00875934	-0.00119387	0.0167524	0.00391763	
-2.99126	-7.91626	0.571426	0.00374428	-0.0310104	-0.00855879	-0.00145329	0.0157319	0.00410442	
-2.99108	-7.91779	0.571003	0.00366671	-0.0302481	-0.00835009	-0.00164953	0.0147602	0.00424351	
-2.9909	-7.91928	0.570591	0.00358065	-0.0295332	-0.00813551	-0.00179287	0.0138369	0.00433974	
-2.99072	-7.92074	0.57019	0.00348853	-0.0288632	-0.00791707	-0.00189208	0.0129615	0.00439763	
-2.99055	-7.92217	0.5698	0.00338971	-0.0282365	-0.00769549	-0.00206069	0.0121078	0.00446571	
-2.99038	-7.92357	0.569421	0.00328375	-0.0276512	-0.00747139	-0.00217785	0.0113047	0.00449804	
-2.99022	-7.92494	0.569053	0.00317299	-0.0271048	-0.00724648	-0.00225231	0.0105499	0.00449867	
-2.99007	-7.92628	0.568696	0.0030594	-0.026595	-0.00702222	-0.00229155	0.00984138	0.0044714	
-2.98991	-7.9276	0.56835	0.00294456	-0.0261196	-0.00679995	-0.00230193	0.00917676	0.00441971	
-2.98977	-7.92889	0.568016	0.00282101	-0.0256668	-0.00657808	-0.00263994	0.00893627	0.00445487	
-2.98963	-7.93016	0.567693	0.0026828	-0.0252269	-0.00635525	-0.00288869	0.00865858	0.00445827	
-2.9895	-7.93141	0.56738	0.00253401	-0.0248016	-0.00613295	-0.00306294	0.00835339	0.00443367	
-2.98938	-7.93264	0.567079	0.00237805	-0.024392	-0.0059125	-0.00317532	0.00802881	0.00438458	
-2.98926	-7.93385	0.566789	0.00221775	-0.023999	-0.00569503	-0.00323664	0.00769157	0.00431423	
-2.98916	-7.93504	0.56651	0.00206097	-0.0236113	-0.00548204	-0.00303459	0.00781626	0.00420518	
-2.98906	-7.93621	0.566241	0.00191403	-0.0232198	-0.00527484	-0.00284295	0.0078443	0.00408313	
-2.98897	-7.93736	0.565982	0.00177642	-0.0228289	-0.005074	-0.0026615	0.00779393	0.0039504	
-2.98888	-7.9385	0.565733	0.00164763	-0.022442	-0.00488001	-0.00248999	0.00768062	0.00380907	
-2.9888	-7.93961	0.565494	0.00152718	-0.0220621	-0.00469326	-0.00232811	0.00751746	0.00366104	
-2.98873	-7.9407	0.565264	0.00143777	-0.0216541	-0.00451925	-0.00124836	0.00879923	0.00329939	
-2.98866	-7.94177	0.565042	0.00139747	-0.0211903	-0.00436275	-0.000363592	0.0097538	0.00296051	
-2.98859	-7.94282	0.564827	0.00139726	-0.0206856	-0.00422264	0.000355267	0.0104349	0.00264378	
-2.98852	-7.94384	0.564619	0.00142948	-0.0201525	-0.00409784	0.000933269	0.0108885	0.0023485	
-2.98844	-7.94484	0.564417	0.00148761	-0.0196015	-0.00398727	0.00139198	0.0111539	0.00207395	
-2.98837	-7.9458	0.56422	0.00153634	-0.0190567	-0.00388319	0.00055743	0.0106342	0.00208951	
-2.98829	-7.94674	0.564029	0.00154721	-0.018538	-0.00377869	-0.000122627	0.0101149	0.00209028	
-2.98821	-7.94766	0.563842	0.00152736	-0.0180451	-0.00367448	-0.000671418	0.00960082	0.00207803	
-2.98814	-7.94855	0.563661	0.00148285	-0.0175777	-0.00357117	-0.00110895	0.00909567	0.00205438	
-2.98807	-7.94941	0.563485	0.00141882	-0.0171353	-0.00346929	-0.00145243	0.00860248	0.00202084	
-2.988	-7.95026	0.563314	0.00133959	-0.0167171	-0.0033693	-0.00171667	0.00812355	0.00197881	
-2.98793	-7.95109	0.563148	0.00124881	-0.0163225	-0.00327159	-0.00191436	0.00766061	0.00192955	
-2.98787	-7.95189	0.562987	0.00114955	-0.0159506	-0.0031765	-0.00205639	0.00721491	0.00187423	
-2.98782	-7.95268	0.562831	0.00104433	-0.0156006	-0.0030843	-0.0021521	0.0067873	0.00181392	
-2.98777	-7.95345	0.562679	0.000935294	-0.0152714	-0.00299521	-0.00220945	0.00637831	0.00174959	
